#NLO (in QCD) PRODUCTION CROSS-SECTIONS FOR VLL (DOUBLET MODEL) AT 13 TEV LHC
#PDFs: Madgraph's default PDFs based on NNPDF2.3 set (LHAPDF ID: 244800, SET NAME: NNPDF23_nlo_as_0119_qed)
#SCALE: Madgraph's default (dynamic) factorization scale
#MASS (GeV)	p p > taup taup p p > taup nup  p p > nup nup (pb)         
100.000000	2.899000	10.78000	3.207000	
105.000000	2.441000	9.018000	2.663000	
110.000000	2.073000	7.613000	2.232000	
115.000000	1.774000	6.473000	1.887000	
120.000000	1.528000	5.552000	1.608000	
125.000000	1.323000	4.789000	1.381000	
130.000000	1.153000	4.158000	1.193000	
135.000000	1.008000	3.630000	1.037000	
140.000000	0.887000	3.184000	0.906000	
145.000000	0.783800	2.807000	0.796300	
150.000000	0.694900	2.484000	0.702200	
155.000000	0.618000	2.207000	0.621600	
160.000000	0.552400	1.968000	0.552600	
165.000000	0.494900	1.761000	0.493300	
170.000000	0.444700	1.579000	0.441500	
175.000000	0.400600	1.421000	0.396500	
180.000000	0.362100	1.283000	0.357100	
185.000000	0.328100	1.160000	0.322700	
190.000000	0.297800	1.053000	0.291900	
195.000000	0.271100	0.956600	0.264900	
200.000000	0.247100	0.871300	0.240800	
205.000000	0.225700	0.795300	0.219500	
210.000000	0.206600	0.727600	0.200600	
215.000000	0.189400	0.666600	0.183500	
220.000000	0.174000	0.611800	0.168200	
225.000000	0.160000	0.562600	0.154400	
230.000000	0.147400	0.518300	0.142000	
235.000000	0.136000	0.478000	0.130800	
240.000000	0.125700	0.441500	0.120600	
245.000000	0.116300	0.408400	0.111400	
250.000000	0.107700	0.378600	0.103100	
255.000000	0.099980	0.350900	0.095450	
260.000000	0.092830	0.325800	0.088540	
265.000000	0.086280	0.302700	0.082180	
270.000000	0.080270	0.281800	0.076380	
275.000000	0.074780	0.262600	0.071070	
280.000000	0.069750	0.244900	0.066210	
285.000000	0.065130	0.228800	0.061760	
290.000000	0.060860	0.213900	0.057660	
295.000000	0.057000	0.200100	0.053870	
300.000000	0.053310	0.187500	0.050380	
305.000000	0.049980	0.175700	0.047190	
310.000000	0.046880	0.164800	0.044210	
315.000000	0.044010	0.154700	0.041450	
320.000000	0.041340	0.145300	0.038870	
325.000000	0.038860	0.136800	0.036510	
330.000000	0.036560	0.128700	0.034340	
335.000000	0.034410	0.121100	0.032300	
340.000000	0.032420	0.114100	0.030400	
345.000000	0.030560	0.107600	0.028630	
350.000000	0.028810	0.101600	0.026980	
355.000000	0.027190	0.095850	0.025460	
360.000000	0.025690	0.090560	0.024030	
365.000000	0.024290	0.085600	0.022690	
370.000000	0.022970	0.080970	0.021460	
375.000000	0.021730	0.076620	0.020290	
380.000000	0.020560	0.072560	0.019200	
385.000000	0.019480	0.068750	0.018170	
390.000000	0.018460	0.065180	0.017210	
395.000000	0.017500	0.061800	0.016310	
400.000000	0.016610	0.058680	0.015460	
405.000000	0.015760	0.055720	0.014660	
410.000000	0.014970	0.052900	0.013900	
415.000000	0.014210	0.050260	0.013190	
420.000000	0.013500	0.047790	0.012530	
425.000000	0.012840	0.045440	0.011910	
430.000000	0.012210	0.043230	0.011320	
435.000000	0.011610	0.041150	0.010760	
440.000000	0.011050	0.039200	0.010240	
445.000000	0.010530	0.037350	0.009746	
450.000000	0.010030	0.035600	0.009280	
455.000000	0.009552	0.033950	0.008839	
460.000000	0.009108	0.032380	0.008427	
465.000000	0.008686	0.030900	0.008035	
470.000000	0.008289	0.029490	0.007660	
475.000000	0.007908	0.028150	0.007308	
480.000000	0.007546	0.026870	0.006971	
485.000000	0.007209	0.025670	0.006654	
490.000000	0.006884	0.024540	0.006355	
495.000000	0.006582	0.023450	0.006069	
500.000000	0.006292	0.022430	0.005800	
505.000000	0.006012	0.021450	0.005543	
510.000000	0.005753	0.020530	0.005301	
515.000000	0.005505	0.019650	0.005071	
520.000000	0.005271	0.018820	0.004852	
525.000000	0.005040	0.018020	0.004641	
530.000000	0.004830	0.017260	0.004443	
535.000000	0.004628	0.016540	0.004254	
540.000000	0.004436	0.015850	0.004075	
545.000000	0.004249	0.015190	0.003904	
550.000000	0.004073	0.014570	0.003742	
555.000000	0.003905	0.013970	0.003588	
560.000000	0.003745	0.013410	0.003438	
565.000000	0.003594	0.012870	0.003297	
570.000000	0.003447	0.012350	0.003162	
575.000000	0.003309	0.011860	0.003033	
580.000000	0.003177	0.011390	0.002912	
585.000000	0.003051	0.010930	0.002794	
590.000000	0.002930	0.010510	0.002683	
595.000000	0.002814	0.010100	0.002576	
600.000000	0.002706	0.009707	0.002476	
605.000000	0.002600	0.009332	0.002378	
610.000000	0.002499	0.008974	0.002287	
615.000000	0.002402	0.008627	0.002195	
620.000000	0.002310	0.008302	0.002110	
625.000000	0.002221	0.007987	0.002028	
630.000000	0.002137	0.007685	0.001951	
635.000000	0.002056	0.007397	0.001876	
640.000000	0.001979	0.007120	0.001807	
645.000000	0.001905	0.006854	0.001737	
650.000000	0.001834	0.006602	0.001671	
655.000000	0.001766	0.006359	0.001609	
660.000000	0.001701	0.006130	0.001549	
665.000000	0.001639	0.005904	0.001492	
670.000000	0.001579	0.005690	0.001437	
675.000000	0.001520	0.005484	0.001384	
680.000000	0.001465	0.005286	0.001333	
685.000000	0.001413	0.005096	0.001284	
690.000000	0.001361	0.004917	0.001237	
695.000000	0.001312	0.004739	0.001192	
700.000000	0.001266	0.004571	0.001149	
705.000000	0.001221	0.004409	0.001108	
710.000000	0.001177	0.004254	0.001068	
715.000000	0.001136	0.004106	0.001030	
720.000000	0.001096	0.003964	0.000994	
725.000000	0.001057	0.003825	0.000959	
730.000000	0.001020	0.003692	0.000925	
735.000000	0.000985	0.003565	0.000893	
740.000000	0.000950	0.003443	0.000862	
745.000000	0.000917	0.003326	0.000832	
750.000000	0.000886	0.003213	0.000802	
755.000000	0.000855	0.003101	0.000775	
760.000000	0.000826	0.002996	0.000748	
765.000000	0.000798	0.002894	0.000723	
770.000000	0.000771	0.002797	0.000698	
775.000000	0.000745	0.002703	0.000674	
780.000000	0.000719	0.002612	0.000651	
785.000000	0.000696	0.002525	0.000629	
790.000000	0.000673	0.002441	0.000608	
795.000000	0.000650	0.002362	0.000587	
800.000000	0.000628	0.002282	0.000568	
805.000000	0.000607	0.002208	0.000549	
810.000000	0.000587	0.002136	0.000531	
815.000000	0.000568	0.002065	0.000513	
820.000000	0.000550	0.001998	0.000496	
825.000000	0.000532	0.001933	0.000480	
830.000000	0.000514	0.001871	0.000464	
835.000000	0.000497	0.001811	0.000449	
840.000000	0.000481	0.001752	0.000434	
845.000000	0.000466	0.001696	0.000420	
850.000000	0.000451	0.001643	0.000406	
855.000000	0.000437	0.001590	0.000393	
860.000000	0.000423	0.001539	0.000380	
865.000000	0.000409	0.001490	0.000368	
870.000000	0.000396	0.001443	0.000356	
875.000000	0.000384	0.001397	0.000345	
880.000000	0.000372	0.001353	0.000334	
885.000000	0.000360	0.001311	0.000323	
890.000000	0.000349	0.001270	0.000313	
895.000000	0.000338	0.001230	0.000303	
900.000000	0.000327	0.001192	0.000294	
905.000000	0.000317	0.001156	0.000284	
910.000000	0.000307	0.001119	0.000276	
915.000000	0.000298	0.001085	0.000267	
920.000000	0.000288	0.001051	0.000259	
925.000000	0.000280	0.001018	0.000250	
930.000000	0.000271	0.000987	0.000243	
935.000000	0.000262	0.000957	0.000235	
940.000000	0.000254	0.000928	0.000228	
945.000000	0.000247	0.000900	0.000221	
950.000000	0.000239	0.000872	0.000214	
955.000000	0.000232	0.000846	0.000207	
960.000000	0.000225	0.000820	0.000201	
965.000000	0.000218	0.000796	0.000195	
970.000000	0.000211	0.000771	0.000189	
975.000000	0.000205	0.000749	0.000183	
980.000000	0.000199	0.000726	0.000178	
985.000000	0.000193	0.000704	0.000172	
990.000000	0.000187	0.000682	0.000167	
995.000000	0.000182	0.000662	0.000162	
1000.000000	0.000176	0.000642	0.000157	
