#LO PRODUCTION CROSS-SECTIONS FOR VLL (DOUBLET MODEL) AT 13 TEV LHC
#PDFs: Madgraph's default PDFs based on NNPDF2.3 set (LHAPDF ID: 247000, SET NAME: NNPDF23_lo_as_0130_qed)
#SCALE: Madgraph's default (dynamic) factorization scale
#MASS (GeV)          p p > taup taup~ (pb) p p > nup nup~ (pb)   p p > taup nup~ & taup~ nup (pb)          
1.000000e+02         2.225816e+00          2.427635e+00          8.298817e+00                
1.100000e+02         1.587409e+00          1.682720e+00          5.844124e+00                
1.200000e+02         1.163691e+00          1.212453e+00          4.241855e+00                
1.300000e+02         8.778160e-01          8.964990e-01          3.158994e+00                
1.400000e+02         6.736297e-01          6.782790e-01          2.417107e+00                
1.500000e+02         5.268000e-01          5.242810e-01          1.877005e+00                
1.600000e+02         4.162183e-01          4.122830e-01          1.475337e+00                
1.700000e+02         3.332779e-01          3.270808e-01          1.179557e+00                
1.800000e+02         2.715395e-01          2.646163e-01          9.582303e-01                
1.900000e+02         2.223879e-01          2.160080e-01          7.824542e-01                
2.000000e+02         1.836491e-01          1.776876e-01          6.464049e-01                
2.100000e+02         1.533611e-01          1.473678e-01          5.387848e-01                
2.200000e+02         1.286068e-01          1.233353e-01          4.509437e-01                
2.300000e+02         1.087321e-01          1.039293e-01          3.812084e-01                
2.400000e+02         9.251020e-02          8.785850e-02          3.250256e-01                
2.500000e+02         7.906115e-02          7.521370e-02          2.774649e-01                
2.600000e+02         6.809981e-02          6.450330e-02          2.377421e-01                
2.700000e+02         5.869824e-02          5.558390e-02          2.054133e-01                
2.800000e+02         5.094372e-02          4.805312e-02          1.780440e-01                
2.900000e+02         4.425446e-02          4.163933e-02          1.550191e-01                
3.000000e+02         3.868668e-02          3.628570e-02          1.353822e-01                
3.100000e+02         3.389537e-02          3.187890e-02          1.188146e-01                
3.200000e+02         2.973749e-02          2.787600e-02          1.041297e-01                
3.300000e+02         2.624763e-02          2.462771e-02          9.232056e-02                
3.400000e+02         2.324481e-02          2.174669e-02          8.173446e-02                
3.500000e+02         2.066516e-02          1.930889e-02          7.248830e-02                
3.600000e+02         1.835161e-02          1.711788e-02          6.452120e-02                
3.700000e+02         1.635672e-02          1.524345e-02          5.748975e-02                
3.800000e+02         1.464120e-02          1.365632e-02          5.156218e-02                
3.900000e+02         1.315992e-02          1.224119e-02          4.629162e-02                
4.000000e+02         1.174128e-02          1.094088e-02          4.151551e-02                
4.100000e+02         1.059389e-02          9.868270e-03          3.726381e-02                
4.200000e+02         9.535868e-03          8.868380e-03          3.366299e-02                
4.300000e+02         8.614650e-03          7.984570e-03          3.035599e-02                
4.400000e+02         7.777530e-03          7.227460e-03          2.757742e-02                
4.500000e+02         7.044606e-03          6.548385e-03          2.501341e-02                
4.600000e+02         6.391422e-03          5.928794e-03          2.270031e-02                
4.700000e+02         5.814982e-03          5.389900e-03          2.064772e-02                
4.800000e+02         5.301485e-03          4.917692e-03          1.877940e-02                
4.900000e+02         4.819374e-03          4.467260e-03          1.711904e-02                
5.000000e+02         4.411884e-03          4.078332e-03          1.562100e-02                
5.100000e+02         4.030911e-03          3.722275e-03          1.433039e-02                
5.200000e+02         3.686246e-03          3.402266e-03          1.308060e-02                
5.300000e+02         3.368847e-03          3.111204e-03          1.202523e-02                
5.400000e+02         3.092247e-03          2.847953e-03          1.099810e-02                
5.500000e+02         2.840177e-03          2.608016e-03          1.008041e-02       
5.600000e+02         2.602059e-03          2.398497e-03          9.299628e-03       
5.700000e+02         2.399391e-03          2.208362e-03          8.526855e-03       
5.800000e+02         2.209603e-03          2.037602e-03          7.861438e-03       
5.900000e+02         2.036586e-03          1.872851e-03          7.268397e-03
6.000000e+02         1.874906e-03          1.722220e-03          6.696683e-03
6.100000e+02         1.729085e-03          1.589535e-03          6.204381e-03
6.200000e+02         1.600248e-03          1.465551e-03          5.728722e-03
6.300000e+02         1.477230e-03          1.355145e-03          5.296501e-03
6.400000e+02         1.370527e-03          1.257022e-03          4.907841e-03
6.500000e+02         1.266890e-03          1.159513e-03          4.540980e-03
6.600000e+02         1.174189e-03          1.077021e-03          4.202375e-03
6.700000e+02         1.089239e-03          9.972280e-04          3.907067e-03
6.800000e+02         1.011348e-03          9.237380e-04          3.628430e-03
6.900000e+02         9.387768e-04          8.585132e-04          3.375050e-03
7.000000e+02         8.728633e-04          7.962715e-04          3.136357e-03
7.100000e+02         8.125759e-04          7.412153e-04          2.923674e-03
7.200000e+02         7.523352e-04          6.892601e-04          2.721066e-03
7.300000e+02         7.030574e-04          6.398447e-04          2.533355e-03
7.400000e+02         6.570825e-04          5.995358e-04          2.365150e-03
7.500000e+02         6.104834e-04          5.560606e-04          2.201108e-03
7.600000e+02         5.702785e-04          5.195484e-04          2.053028e-03
7.700000e+02         5.304755e-04          4.840701e-04          1.917581e-03
7.800000e+02         4.969929e-04          4.525025e-04          1.795699e-03
7.900000e+02         4.645033e-04          4.230838e-04          1.678908e-03
8.000000e+02         4.334698e-04          3.944548e-04          1.569180e-03
8.100000e+02         4.060359e-04          3.688300e-04          1.464184e-03
8.200000e+02         3.788515e-04          3.447757e-04          1.369116e-03
8.300000e+02         3.545317e-04          3.224156e-04          1.282761e-03
8.400000e+02         3.327021e-04          3.020736e-04          1.203073e-03
8.500000e+02         3.109978e-04          2.825192e-04          1.127345e-03
8.600000e+02         2.920184e-04          2.652218e-04          1.058042e-03
8.700000e+02         2.743695e-04          2.485700e-04          9.909268e-04
8.800000e+02         2.560830e-04          2.326737e-04          9.298339e-04
8.900000e+02         2.413829e-04          2.184151e-04          8.732289e-04
9.000000e+02         2.267449e-04          2.049398e-04          8.202249e-04
9.100000e+02         2.125185e-04          1.929374e-04          7.728779e-04
9.200000e+02         1.993347e-04          1.801571e-04          7.218377e-04
9.300000e+02         1.878076e-04          1.699441e-04          6.808464e-04
9.400000e+02         1.765647e-04          1.596569e-04          6.418888e-04
9.500000e+02         1.662872e-04          1.500407e-04          6.013248e-04
9.600000e+02         1.565977e-04          1.410341e-04          5.670202e-04
9.700000e+02         1.471539e-04          1.329147e-04          5.332544e-04
9.800000e+02         1.385121e-04          1.248579e-04          5.020296e-04
9.900000e+02         1.302039e-04          1.178476e-04          4.727820e-04
1.000000e+03         1.228415e-04          1.106204e-04          4.468423e-04
